4
4
6
3
6
5
5
3
7
2
5
4
4
3
4
4
4
5
2
4
8
6
6
3
6
6
5
8
13
13
11
8
8
7
8
12
16
19
19
16
28
28
65
119
226
100
54
23
23
13
17
10
10
4
0
4
7
8
8
5
4
3
1
1
1
1
1
2
1
1
5
9
9
9
13
14
13
15
13
17
20
21
26
23
28
41
41
41
55
55
63
63
72
72
95
95
98
109
109
159
159
218
218
344
411
623
265
265
168
168
134
113
88
75
69
64
64
47
34
30
30
30
30
28
28
26
22
21
19
17NEW LINE
4
6
3
5
7
6
6
5
14
14
11
11
11
16
17
17
14
14
25
35
29
43
61
61
69
77
91
91
129
129
155
190
205
283
283
417
417
234
200
183
183
165
132
124
124
107
107
102
89
81
81
74
59
62
57
57
53
53
49
45
33
33







SUNNY1 vs SUNNY2
2
4
6
7
2
4
2
2
5
4
6
5
5
5
5
5
7
8
9
8
4
5
9
6
5
5
8
10
10
13
13
8
11
11
15
26
26
20
20
41
49
60
55
44
38
34
26
14
9
12
12
6
3
5
5
5
6
6
4
4
2
1
1NEW LINE
1
1
4
11
8
9
10
17
17
13
10
18
21
24
27
27
25
23
21
25
37
37
40
40
52
52
58
58
63
71
72
81
81
90
90
105
120
146
145
135
103
90
81
56
57
52
47
45
30
31
28
25
26
20
18
19NEW LINE
4
3
3
2
2
3
5
7
6
6
7
9
13
13
15
11
17
18
18
22
22
39
37
59
57
66
66
79
94
113
126
139
139
180
180
187
187
165
160
153
118
111
85
77
74
62
51
49
51
44































6
1
3
3
4
4
4
4
7
7
6
6
6
3
5
4
7
4
10
8
15
15
5
5
6
7
12
11
11
13
13
11
14
14
17
25
20
17
9
15
15
5
10
7
9
4
0
2
2
2
2
0
2
1
0
0
0
0
0
0
2
0
1
2
2
1
1
0
1
1
3
3
1
6
6
6
11
10
11
10
13
13
19
49
49
45
19
11
11
5
5
4
4
3
3
4
2
2
1
0
0
1
1
1
2
2
0
0
0
4
3
3
3
3
5
5
5
5
6
4
4
4
4
4
4
6
6
4
7
9
9
11
11
15
22
21
24
20
9
9
10
12
8
11
8
8
6
5
6
3
5
6
5
2
4
3
3
