148, 24, 44.444444
134, 22, 40.740741
136, 23, 42.592593
136, 23, 42.592593
134, 22, 40.740741
117, 29, 53.703704
129, 27, 50.000000
117, 28, 51.851852
96, 27, 50.000000
97, 25, 46.296296
86, 19, 35.185185
76, 20, 37.037037
80, 37, 68.518519
73, 34, 62.962963
78, 37, 68.518519
70, 25, 46.296296
70, 21, 38.888889
68, 19, 35.185185
63, 25, 46.296296
47, 29, 53.703704
52, 33, 61.111111
53, 25, 46.296296
47, 24, 44.444444
47, 24, 44.444444
47, 21, 38.888889
54, 23, 42.592593
47, 34, 62.962963
58, 26, 48.148148
63, 26, 48.148148
55, 33, 61.111111
59, 31, 57.407407
59, 24, 44.444444
56, 31, 57.407407
56, 31, 57.407407
55, 25, 46.296296
46, 39, 72.222222
47, 29, 53.703704
57, 29, 53.703704
54, 54, 100.000000
53, 33, 61.111111
49, 22, 40.740741
66, 27, 50.000000
77, 21, 38.888889
91, 23, 42.592593
110, 28, 51.851852
143, 22, 40.740741
160, 32, 59.259259
179, 27, 50.000000
220, 25, 46.296296
246, 27, 50.000000
224, 25, 46.296296
240, 15, 27.777778
221, 24, 44.444444
222, 22, 40.740741
229, 26, 48.148148
224, 35, 64.814815
247, 21, 38.888889
239, 35, 64.814815
228, 26, 48.148148
228, 26, 48.148148
218, 22, 40.740741
227, 20, 37.037037
204, 136, 57.142857
212, 129, 54.201681
213, 153, 64.285714
190, 126, 52.941176
195, 115, 48.319328
189, 141, 59.243697
208, 136, 57.142857
200, 143, 60.084034
201, 150, 63.025210
209, 125, 52.521008
185, 126, 52.941176
204, 123, 51.680672
199, 124, 52.100840
209, 140, 58.823529
218, 151, 63.445378
229, 155, 65.126050
229, 155, 65.126050
256, 133, 55.882353
264, 137, 57.563025
261, 132, 55.462185
268, 138, 57.983193
229, 163, 68.487395
238, 238, 100.000000
222, 157, 65.966387
217, 146, 61.344538
241, 167, 70.168067
267, 144, 60.504202
263, 136, 57.142857
257, 143, 60.084034
253, 122, 51.260504
270, 135, 56.722689
261, 133, 55.882353
236, 125, 52.521008
242, 132, 55.462185
260, 118, 49.579832
273, 124, 52.100840
281, 109, 45.798319
284, 120, 50.420168
289, 127, 53.361345
288, 120, 50.420168
294, 136, 57.142857
290, 118, 49.579832
299, 121, 50.840336
276, 121, 50.840336
292, 113, 47.478992
257, 122, 51.260504
278, 123, 51.680672
278, 112, 47.058824
273, 122, 51.260504
285, 139, 58.403361
277, 130, 54.621849
258, 124, 52.100840
258, 138, 57.983193
267, 120, 50.420168
240, 125, 52.521008
235, 119, 50.000000
254, 135, 56.722689
239, 140, 58.823529
238, 42, 55.263158
238, 42, 55.263158
209, 44, 57.894737
183, 41, 53.947368
144, 34, 44.736842
145, 39, 51.315789
121, 35, 46.052632
121, 35, 46.052632
95, 43, 56.578947
92, 33, 43.421053
82, 36, 47.368421
81, 53, 69.736842
81, 53, 69.736842
72, 53, 69.736842
71, 47, 61.842105
70, 47, 61.842105
72, 51, 67.105263
82, 54, 71.052632
83, 47, 61.842105
76, 50, 65.789474
72, 51, 67.105263
76, 47, 61.842105
69, 55, 72.368421
78, 56, 73.684211
74, 56, 73.684211
68, 56, 73.684211
66, 59, 77.631579
63, 59, 77.631579
69, 62, 81.578947
63, 57, 75.000000
61, 62, 81.578947
60, 60, 78.947368
72, 61, 80.263158
67, 66, 86.842105
76, 76, 100.000000
72, 65, 85.526316
74, 63, 82.894737
76, 63, 82.894737
76, 63, 82.894737
87, 56, 73.684211
77, 53, 69.736842
79, 44, 57.894737
71, 51, 67.105263
68, 44, 57.894737
82, 45, 59.210526
76, 50, 65.789474
87, 53, 69.736842
82, 47, 61.842105
75, 48, 63.157895
75, 51, 67.105263
75, 53, 69.736842
80, 56, 73.684211
74, 38, 50.000000
78, 44, 57.894737
80, 44, 57.894737
80, 35, 46.052632
90, 41, 53.947368
86, 43, 56.578947
104, 37, 48.684211
96, 43, 56.578947
108, 41, 53.947368
103, 36, 47.368421
128, 34, 44.736842
129, 42, 55.263158
146, 38, 50.000000
140, 36, 47.368421
151, 34, 44.736842
145, 31, 40.789474
120, 37, 48.684211
114, 36, 47.368421
131, 109, 56.476684
128, 93, 48.186528
129, 103, 53.367876
135, 98, 50.777202
149, 98, 50.777202
159, 98, 50.777202
148, 108, 55.958549
161, 97, 50.259067
164, 84, 43.523316
157, 109, 56.476684
175, 86, 44.559585
174, 98, 50.777202
180, 86, 44.559585
176, 81, 41.968912
175, 91, 47.150259
178, 89, 46.113990
182, 106, 54.922280
187, 90, 46.632124
188, 96, 49.740933
188, 96, 49.740933
188, 102, 52.849741
207, 106, 54.922280
206, 106, 54.922280
183, 101, 52.331606
194, 106, 54.922280
190, 117, 60.621762
211, 114, 59.067358
204, 132, 68.393782
192, 137, 70.984456
182, 134, 69.430052
205, 126, 65.284974
199, 140, 72.538860
194, 156, 80.829016
193, 193, 100.000000
193, 193, 100.000000
215, 163, 84.455959
212, 155, 80.310881
205, 144, 74.611399
193, 144, 74.611399
219, 124, 64.248705
219, 124, 64.248705
206, 124, 64.248705
212, 124, 64.248705
216, 120, 62.176166
227, 117, 60.621762
228, 88, 45.595855
219, 108, 55.958549
203, 113, 58.549223
203, 113, 58.549223
207, 97, 50.259067
207, 97, 50.259067
171, 108, 55.958549
146, 108, 55.958549
145, 24, 36.363636
146, 31, 46.969697
144, 30, 45.454545
140, 21, 31.818182
124, 24, 36.363636
111, 29, 43.939394
106, 29, 43.939394
105, 30, 45.454545
99, 40, 60.606061
89, 40, 60.606061
94, 37, 56.060606
99, 26, 39.393939
98, 25, 37.878788
95, 30, 45.454545
99, 39, 59.090909
101, 40, 60.606061
98, 35, 53.030303
66, 66, 100.000000
83, 40, 60.606061
86, 32, 48.484848
85, 32, 48.484848
90, 30, 45.454545
101, 20, 30.303030
80, 25, 37.878788
77, 35, 53.030303
87, 26, 39.393939
68, 29, 43.939394
80, 24, 36.363636
80, 24, 36.363636
81, 29, 43.939394
90, 26, 39.393939
71, 30, 45.454545
75, 25, 37.878788
70, 22, 33.333333
69, 28, 42.424242
63, 32, 48.484848
63, 27, 40.909091
63, 30, 45.454545
57, 29, 43.939394
57, 29, 43.939394
61, 25, 37.878788
60, 32, 48.484848
63, 32, 48.484848
52, 38, 57.575758
55, 28, 42.424242
59, 28, 42.424242
62, 28, 42.424242
64, 31, 46.969697
65, 33, 50.000000
72, 29, 43.939394
72, 29, 43.939394
67, 19, 28.787879
67, 36, 54.545455
67, 19, 28.787879
57, 30, 45.454545
60, 22, 33.333333
62, 13, 19.696970
72, 44, 34.375000
71, 52, 40.625000
71, 42, 32.812500
72, 50, 39.062500
76, 53, 41.406250
89, 59, 46.093750
100, 41, 32.031250
109, 36, 28.125000
102, 43, 33.593750
99, 49, 38.281250
108, 59, 46.093750
113, 52, 40.625000
118, 53, 41.406250
117, 50, 39.062500
111, 68, 53.125000
125, 63, 49.218750
127, 60, 46.875000
127, 59, 46.093750
120, 68, 53.125000
134, 65, 50.781250
118, 51, 39.843750
130, 52, 40.625000
127, 60, 46.875000
120, 52, 40.625000
127, 68, 53.125000
128, 66, 51.562500
127, 79, 61.718750
129, 83, 64.843750
137, 76, 59.375000
134, 69, 53.906250
134, 69, 53.906250
139, 79, 61.718750
130, 75, 58.593750
131, 95, 74.218750
126, 108, 84.375000
121, 101, 78.906250
134, 107, 83.593750
132, 107, 83.593750
123, 104, 81.250000
128, 128, 100.000000
128, 128, 100.000000
119, 107, 83.593750
114, 112, 87.500000
116, 107, 83.593750
114, 110, 85.937500
134, 99, 77.343750
115, 81, 63.281250
113, 95, 74.218750
122, 89, 69.531250
133, 89, 69.531250
123, 84, 65.625000
130, 94, 73.437500
131, 82, 64.062500
136, 86, 67.187500
131, 85, 66.406250
134, 80, 62.500000
142, 84, 65.625000
139, 83, 64.843750
142, 76, 59.375000
141, 90, 70.312500
144, 82, 64.062500
152, 85, 66.406250
145, 78, 60.937500
148, 83, 64.843750
149, 74, 57.812500
139, 62, 48.437500
143, 70, 54.687500
144, 70, 54.687500
139, 69, 53.906250
143, 65, 50.781250
149, 56, 43.750000
149, 56, 43.750000
141, 67, 52.343750
161, 71, 55.468750
156, 72, 56.250000
154, 33, 30.555556
148, 34, 31.481481
168, 50, 46.296296
147, 59, 54.629630
156, 49, 45.370370
165, 46, 42.592593
154, 46, 42.592593
166, 61, 56.481481
165, 60, 55.555556
180, 53, 49.074074
177, 49, 45.370370
167, 43, 39.814815
169, 47, 43.518519
162, 52, 48.148148
147, 42, 38.888889
147, 42, 38.888889
146, 50, 46.296296
153, 54, 50.000000
146, 53, 49.074074
135, 56, 51.851852
147, 44, 40.740741
147, 44, 40.740741
159, 45, 41.666667
169, 48, 44.444444
167, 44, 40.740741
145, 46, 42.592593
138, 47, 43.518519
127, 59, 54.629630
133, 52, 48.148148
135, 47, 43.518519
133, 56, 51.851852
118, 60, 55.555556
122, 58, 53.703704
123, 64, 59.259259
108, 108, 100.000000
99, 73, 67.592593
110, 65, 60.185185
93, 60, 55.555556
94, 65, 60.185185
84, 65, 60.185185
98, 48, 44.444444
95, 59, 54.629630
86, 41, 37.962963
73, 53, 49.074074
86, 51, 47.222222
107, 57, 52.777778
104, 59, 54.629630
135, 54, 50.000000
133, 63, 58.333333
137, 61, 56.481481
119, 59, 54.629630
118, 47, 43.518519
107, 58, 53.703704
102, 46, 42.592593
99, 61, 56.481481
106, 35, 32.407407
89, 70, 64.814815
79, 75, 69.444444
79, 53, 49.074074
72, 48, 44.444444
66, 42, 53.846154
63, 47, 60.256410
66, 38, 48.717949
63, 38, 48.717949
61, 40, 51.282051
69, 41, 52.564103
68, 43, 55.128205
69, 38, 48.717949
66, 37, 47.435897
71, 37, 47.435897
71, 44, 56.410256
72, 50, 64.102564
69, 47, 60.256410
66, 43, 55.128205
70, 47, 60.256410
69, 57, 73.076923
63, 49, 62.820513
67, 50, 64.102564
67, 49, 62.820513
67, 57, 73.076923
67, 57, 73.076923
74, 63, 80.769231
68, 70, 89.743590
69, 72, 92.307692
78, 78, 100.000000
69, 66, 84.615385
69, 66, 84.615385
70, 53, 67.948718
70, 52, 66.666667
60, 45, 57.692308
63, 47, 60.256410
63, 48, 61.538462
68, 39, 50.000000
69, 39, 50.000000
69, 37, 47.435897
69, 38, 48.717949
68, 42, 53.846154
66, 35, 44.871795
65, 39, 50.000000
72, 40, 51.282051
63, 40, 51.282051
63, 40, 51.282051
67, 43, 55.128205
67, 43, 55.128205
68, 41, 52.564103
68, 39, 50.000000
73, 40, 51.282051
73, 48, 61.538462
82, 35, 44.871795
82, 35, 44.871795
66, 39, 50.000000
74, 42, 53.846154
67, 37, 47.435897
71, 46, 58.974359
58, 35, 44.871795
61, 28, 33.734940
65, 36, 43.373494
59, 42, 50.602410
56, 55, 66.265060
56, 28, 33.734940
53, 51, 61.445783
54, 29, 34.939759
60, 34, 40.963855
69, 52, 62.650602
69, 52, 62.650602
74, 35, 42.168675
56, 40, 48.192771
34, 37, 44.578313
25, 42, 50.602410
24, 40, 48.192771
24, 40, 48.192771
68, 48, 57.831325
75, 46, 55.421687
80, 48, 57.831325
80, 48, 57.831325
81, 50, 60.240964
78, 51, 61.445783
77, 45, 54.216867
85, 50, 60.240964
85, 50, 60.240964
87, 53, 63.855422
86, 56, 67.469880
77, 68, 81.927711
79, 76, 91.566265
83, 83, 100.000000
75, 76, 91.566265
71, 74, 89.156627
77, 67, 80.722892
70, 65, 78.313253
76, 70, 84.337349
68, 57, 68.674699
67, 60, 72.289157
63, 52, 62.650602
59, 51, 61.445783
56, 50, 60.240964
54, 51, 61.445783
56, 58, 69.879518
61, 57, 68.674699
46, 43, 51.807229
46, 43, 51.807229
50, 42, 50.602410
45, 50, 60.240964
25, 31, 37.349398
25, 33, 39.759036
24, 32, 38.554217
23, 38, 45.783133
25, 47, 56.626506
23, 42, 50.602410
32, 37, 44.578313
27, 39, 46.987952
24, 51, 61.445783
31, 40, 48.192771
31, 50, 60.240964
28, 25, 30.120482
23, 51, 61.445783
23, 17, 58.620690
25, 15, 51.724138
30, 18, 62.068966
29, 17, 58.620690
30, 13, 44.827586
24, 22, 75.862069
28, 21, 72.413793
25, 17, 58.620690
27, 17, 58.620690
26, 16, 55.172414
25, 15, 51.724138
28, 16, 55.172414
24, 20, 68.965517
24, 20, 68.965517
22, 20, 68.965517
25, 23, 79.310345
26, 17, 58.620690
30, 20, 68.965517
23, 20, 68.965517
25, 19, 65.517241
22, 20, 68.965517
26, 21, 72.413793
26, 21, 72.413793
29, 20, 68.965517
27, 20, 68.965517
28, 23, 79.310345
28, 23, 79.310345
26, 23, 79.310345
29, 29, 100.000000
29, 29, 100.000000
29, 26, 89.655172
22, 23, 79.310345
23, 26, 89.655172
22, 24, 82.758621
22, 24, 82.758621
28, 23, 79.310345
23, 19, 65.517241
25, 23, 79.310345
23, 25, 86.206897
27, 21, 72.413793
27, 22, 75.862069
26, 24, 82.758621
27, 22, 75.862069
28, 23, 79.310345
27, 22, 75.862069
24, 26, 89.655172
29, 21, 72.413793
24, 23, 79.310345
22, 25, 86.206897
23, 22, 75.862069
27, 15, 51.724138
25, 17, 58.620690
27, 19, 65.517241
29, 17, 58.620690
26, 10, 34.482759
28, 14, 48.275862
31, 14, 48.275862
28, 15, 51.724138
31, 16, 55.172414
35, 17, 58.620690
33, 27, 40.298507
33, 31, 46.268657
33, 31, 46.268657
27, 27, 40.298507
34, 26, 38.805970
29, 25, 37.313433
29, 25, 37.313433
35, 27, 40.298507
35, 27, 40.298507
28, 33, 49.253731
28, 33, 49.253731
31, 30, 44.776119
31, 30, 44.776119
36, 24, 35.820896
31, 27, 40.298507
34, 27, 40.298507
34, 27, 40.298507
28, 34, 50.746269
28, 34, 50.746269
26, 46, 68.656716
26, 46, 68.656716
22, 39, 58.208955
26, 47, 70.149254
26, 47, 70.149254
19, 39, 58.208955
27, 41, 61.194030
20, 43, 64.179104
41, 45, 67.164179
55, 53, 79.104478
67, 67, 100.000000
57, 49, 73.134328
63, 54, 80.597015
59, 47, 70.149254
73, 43, 64.179104
79, 35, 52.238806
95, 36, 53.731343
101, 27, 40.298507
94, 30, 44.776119
69, 26, 38.805970
69, 26, 38.805970
79, 24, 35.820896
80, 34, 50.746269
74, 20, 29.850746
57, 28, 41.791045
70, 25, 37.313433
67, 27, 40.298507
63, 27, 40.298507
69, 28, 41.791045
75, 37, 55.223881
73, 42, 62.686567
73, 42, 62.686567
67, 31, 46.268657
57, 25, 37.313433
64, 27, 40.298507
69, 25, 37.313433
56, 33, 49.253731
62, 26, 38.805970
46, 19, 28.358209
50, 36, 53.731343
49, 36, 53.731343
54, 37, 43.529412
56, 32, 37.647059
46, 40, 47.058824
60, 43, 50.588235
70, 52, 61.176471
81, 48, 56.470588
79, 39, 45.882353
100, 41, 48.235294
82, 52, 61.176471
82, 52, 61.176471
81, 48, 56.470588
88, 42, 49.411765
82, 47, 55.294118
83, 59, 69.411765
84, 46, 54.117647
84, 46, 54.117647
79, 50, 58.823529
83, 50, 58.823529
80, 41, 48.235294
84, 45, 52.941176
79, 53, 62.352941
81, 46, 54.117647
74, 50, 58.823529
82, 44, 51.764706
87, 47, 55.294118
82, 41, 48.235294
78, 49, 57.647059
78, 49, 57.647059
93, 70, 82.352941
85, 85, 100.000000
87, 69, 81.176471
98, 65, 76.470588
97, 62, 72.941176
89, 48, 56.470588
97, 57, 67.058824
98, 50, 58.823529
106, 44, 51.764706
101, 40, 47.058824
111, 34, 40.000000
112, 49, 57.647059
99, 37, 43.529412
116, 41, 48.235294
105, 43, 50.588235
116, 47, 55.294118
122, 36, 42.352941
126, 41, 48.235294
125, 41, 48.235294
137, 44, 51.764706
130, 41, 48.235294
150, 31, 36.470588
171, 37, 43.529412
191, 36, 42.352941
196, 44, 51.764706
202, 52, 61.176471
213, 46, 54.117647
218, 44, 51.764706
217, 40, 47.058824
233, 40, 47.058824
217, 45, 52.941176
211, 46, 54.117647
203, 37, 43.529412
197, 43, 50.588235
189, 35, 41.176471
180, 49, 57.647059
181, 42, 49.411765
172, 42, 49.411765
154, 39, 45.882353
153, 23, 27.058824
144, 25, 29.411765
