0.075721
0.040854
0.037231
0.037424
0.036152
0.036175
0.037284
0.035604
0.033189
0.031970
0.031161
0.031475
0.030534
0.029850
0.030239
0.031116
0.028268
0.029166
0.028093
0.025883
0.026393
0.024565
0.023259
0.025869
0.024277
0.025215
0.026196
0.024586
0.029219
0.028948
0.026643
0.026278
0.027309
0.027119
0.026027
0.024301
0.026823
0.024307
0.026322
0.024659
0.026624
0.028226
0.026606
0.027200
0.028555
0.027018
0.032174
0.034706
0.036260
0.035423
0.038977
0.036149
0.035052
0.036260
0.038177
0.035499
0.036440
0.037278
0.035446
0.035588
0.036054
0.034905
0.035766
0.033433
0.031416
0.029902
0.033063
0.033622
0.033100
0.033268
0.030140
0.031480
0.027275
0.027649
0.029882
0.030221
0.029199
0.026946
0.027613
0.031050
0.031325
0.031690
0.031557
0.029053
0.028150
0.029877
0.028870
0.029716
0.030640
0.030041
0.031655
0.031613
0.029207
0.029900
0.032396
0.031504
0.031881
0.029860
0.031005
0.037694
0.036027
0.038247
0.038321
0.037133
0.040471
0.038595
0.041287
0.037007
0.036791
0.035196
0.034450
0.030557
0.034323
0.030107
0.031521
0.030756
0.029039
0.028015
0.028526
0.030789
0.027480
0.026940
0.024957
0.024281
0.023926
0.023610
0.025708
0.023994
0.020620
0.020957
0.020750
0.020584
0.020631
0.019700
0.019890
0.020388
0.022811
0.029884
0.025243
0.020930
0.021299
0.022682
0.020988
0.025471
0.025119
0.021308
0.021115
0.019149
0.020152
0.020747
0.020220
0.021055
0.021543
0.020484
0.020215
0.020079
0.020246
0.018124
0.018283
0.021744
0.019128
0.019641
0.020061
0.019561
0.023453
0.021952
0.020677
0.020602
0.021287
0.021769
0.019999
0.021196
0.026806
0.028496
0.027011
0.026951
0.025901
0.025731
0.025318
0.025900
0.025924
0.028249
0.026388
0.027117
0.029554
0.031364
0.030325
0.029436
0.030077
0.026891
0.028243
0.026741
0.027479
0.028471
0.028108
0.030485
0.030008
0.027884
0.025185
0.027251
0.028581
0.026976
0.031388
0.031656
0.036169
0.028342
0.029961
0.030238
0.031449
0.031561
0.031846
0.033336
0.033374
0.032885
0.032821
0.030690
0.029912
0.031118
0.031126
0.032783
0.033982
0.033976
0.033834
0.035592
0.033536
0.036104
0.033003
0.034222
0.036250
0.035807
0.036654
0.034072
0.035104
0.035414
0.038633
0.038308
0.035634
0.038660
0.039083
0.034321
0.036682
0.034634
0.030666
0.031528
0.030466
0.027895
0.027140
0.029295
0.031136
0.027978
0.027265
0.026463
0.025179
0.026498
0.024555
0.025222
0.024890
0.026360
0.028206
0.026120
0.024011
0.023411
0.027359
0.026483
0.032219
0.036448
0.028633
0.027862
0.030640
0.029855
0.026925
0.027842
0.028512
0.028151
0.029314
0.027965
0.030384
0.037397
0.035486
0.029459
0.031165
0.031506
0.030658
0.030817
0.026946
0.026763
0.028251
0.029170
0.026098
0.023253
0.025966
0.036751
0.027700
0.027445
0.026939
0.026346
0.025506
0.024838
0.024256
0.023383
0.024365
0.026336
0.024807
0.024425
0.019759
0.019212
0.021416
0.019697
0.023989
0.022726
0.020984
0.019679
0.020695
0.019484
0.021186
0.018933
0.020721
0.020218
0.019336
0.019977
0.019069
0.018582
0.019110
0.021964
0.020525
0.022064
0.021957
0.024616
0.025928
0.025258
0.024025
0.023442
0.022324
0.023762
0.024214
0.022731
0.023681
0.023567
0.022392
0.023120
0.023671
0.025260
0.022521
0.022684
0.023010
0.024448
0.023770
0.020231
0.022323
0.021028
0.021291
0.023103
0.020840
0.022027
0.022843
0.020680
0.021792
0.021479
0.023570
0.023773
0.024435
0.027777
0.029722
0.025931
0.025570
0.025249
0.024581
0.025781
0.023974
0.025375
0.024657
0.024414
0.025422
0.024350
0.024937
0.026139
0.025667
0.025239
0.025679
0.025112
0.026082
0.024943
0.026585
0.027086
0.027196
0.028674
0.027573
0.025277
0.025315
0.024696
0.024645
0.027696
0.025766
0.027475
0.026930
0.029756
0.027056
0.028346
0.029219
0.027008
0.027360
0.025083
0.027874
0.026974
0.027966
0.025516
0.023848
0.026508
0.026512
0.029043
0.030992
0.031682
0.032036
0.030917
0.029906
0.030825
0.031820
0.035032
0.031183
0.036728
0.040095
0.042918
0.047989
0.044337
0.041490
0.037357
0.037031
0.033956
0.033844
0.031841
0.032635
0.029025
0.028883
0.029895
0.029641
0.029873
0.032946
0.027813
0.028017
0.028589
0.024521
0.023615
0.026182
0.026064
0.026218
0.027604
0.026398
0.024003
0.027424
0.023211
0.027157
0.023458
0.023757
0.024176
0.023914
0.022638
0.022193
0.020893
0.020562
0.022509
0.022450
0.020983
0.021465
0.021845
0.021518
0.021647
0.020993
0.024648
0.022042
0.024535
0.022738
0.021409
0.021790
0.022838
0.021810
0.022320
0.023406
0.020521
0.020586
0.022410
0.023512
0.023802
0.025743
0.025099
0.025243
0.027037
0.023148
0.024226
0.024277
0.023690
0.025305
0.025932
0.022430
0.026078
0.026902
0.025693
0.023618
0.026754
0.032338
0.030603
0.026581
0.029326
0.022358
0.017878
0.019655
0.019094
0.031155
0.026314
0.026840
0.025914
0.028704
0.028184
0.027708
0.027740
0.026300
0.027483
0.033272
0.032721
0.030296
0.029539
0.029592
0.032933
0.029700
0.027621
0.026891
0.027371
0.026354
0.023603
0.024369
0.024109
0.021642
0.027341
0.025266
0.018750
0.018212
0.018462
0.017169
0.013455
0.014866
0.012341
0.013444
0.013104
0.014266
0.015863
0.015080
0.013712
0.013782
0.014899
0.013501
0.014114
0.013969
0.013976
0.014325
0.015468
0.016949
0.024432
0.016416
0.015980
0.016849
0.016381
0.015735
0.016313
0.015347
0.015260
0.016833
0.015142
0.014366
0.015820
0.014280
0.015410
0.014036
0.013931
0.014783
0.015780
0.015537
0.014657
0.014565
0.015656
0.015976
0.021053
0.014507
0.015371
0.014606
0.015981
0.015579
0.014479
0.014099
0.014561
0.014225
0.013486
0.013125
0.013498
0.013567
0.014068
0.013050
0.012890
0.012642
0.013111
0.014741
0.012784
0.013246
0.013629
0.013119
0.012793
0.013867
0.017250
0.013169
0.014555
0.013506
0.013182
0.013466
0.013315
0.012848
0.013348
0.014015
0.014802
0.013258
0.013932
0.014258
0.013169
0.013986
0.013555
0.013757
0.014305
0.015673
0.015024
0.015093
0.015192
0.014480
0.017394
0.014961
0.016046
0.016575
0.015452
0.013764
0.014351
0.015704
0.018432
0.021189
0.020596
0.023027
0.022510
0.021372
0.020939
0.023134
0.026870
0.029452
0.034500
0.029761
0.031061
0.028893
0.031112
0.028621
0.028477
0.028187
0.028824
0.027105
0.027708
0.028919
0.031066
0.031930
0.026588
0.027916
0.026982
0.026468
0.024924
0.026074
0.023830
0.022247
0.025787
0.020367
0.020821
0.020563
0.023743
0.024808
0.025756
0.028840
0.030408
0.030934
0.029161
0.031600
0.034463
0.033861
0.030625
0.026233
0.026330
0.027211
0.028107
0.026889
0.024479
0.024341
0.022858
0.025594
0.027340
0.029726
0.029945
0.035791
0.033817
0.033873
0.032246
0.029552
0.030530
0.029571
0.030153
0.032563
0.035599
0.033084
0.034811
0.033903
0.043277
0.036818
0.036848
0.035306
0.034301
0.035103
0.035847
0.036069
0.034699
0.035526
0.036451
0.039328
0.040251
0.038096
0.040025
0.040955
0.038615
0.040740
0.044202
0.043477
0.043747
0.043480
0.051611
0.043215
0.041663
0.041613
0.042675
0.040434
0.038136
0.039208
