0.033495
0.034069
0.031926
0.032341
0.031891
0.033038
0.032271
0.033156
0.033168
0.032037
0.032320
0.033449
0.034287
0.034659
0.034066
0.032927
0.033481
0.034301
0.034043
0.032921
0.032403
0.029863
0.029179
0.029840
0.029688
0.027177
0.027270
0.029131
0.028714
0.028897
0.028811
0.027846
0.030205
0.027720
0.028424
0.028220
0.027179
0.026123
0.026852
0.025715
0.024696
0.023877
0.023719
0.021629
0.020753
0.020721
0.022113
0.022145
0.022981
0.020852
0.021888
0.020525
0.021914
0.021938
0.022871
0.022313
0.022239
0.022166
0.022679
0.022801
0.021282
0.024228
0.026791
0.023050
0.026130
0.027328
0.026645
0.025339
0.025465
0.026760
0.027685
0.027213
0.026733
0.028943
0.028287
0.027031
0.026619
0.028544
0.031703
0.032016
0.036555
0.036564
0.035664
0.033741
0.032406
0.030949
0.030972
0.031419
0.030567
0.031191
0.028469
0.028545
0.028828
0.028993
0.028472
0.029901
0.029549
0.031147
0.030968
0.025204
0.030909
0.029472
0.029062
0.029771
0.027704
0.027176
0.028046
0.028192
0.029312
0.029405
0.032323
0.032178
0.032497
0.033900
0.034805
0.035194
0.034392
0.034647
0.034802
0.035525
0.036899
0.037403
0.039436
0.037787
0.038395
0.038499
0.036565
0.038048
0.037773
0.039417
0.034984
0.036449
0.036138
0.036336
0.035723
0.038867
0.038492
0.038931
0.035730
0.036334
0.035506
0.036271
0.036620
0.036774
0.034008
0.037516
0.033822
0.033501
0.032285
0.033459
0.029190
0.027789
0.026271
0.025928
0.026044
0.027083
0.026995
0.025755
0.024323
0.026568
0.025013
0.024228
0.025583
0.022795
0.023572
0.022987
0.022345
0.023340
0.023797
0.023826
0.024713
0.022113
0.022813
0.023843
0.025286
0.022232
0.022626
0.022295
0.022609
0.022393
0.022840
0.021774
0.022602
0.025828
0.027721
0.025797
0.026053
0.027061
0.026725
0.027414
0.026318
0.027883
0.027192
0.029755
0.030534
0.032357
0.032240
0.032564
0.035700
0.036881
0.035943
0.034103
0.035477
0.035864
0.035654
0.033023
0.033627
0.038131
0.037580
0.036317
0.034918
0.036469
0.035546
0.034458
0.032155
0.035664
0.036209
0.036249
0.036082
0.035925
0.036465
0.036865
0.037408
0.036291
0.034882
0.035952
0.034976
0.036993
0.034507
0.038472
0.038069
0.038389
0.036046
0.037923
0.037543
0.035449
0.036348
0.038885
0.039047
0.038884
0.039207
0.039421
0.038141
0.036427
0.033918
0.034524
0.030690
0.030933
0.031180
0.027739
0.029731
0.030125
0.028623
0.029692
0.031099
0.029205
0.032027
0.030561
0.031329
0.029773
0.031286
0.031292
0.032366
0.031546
0.033318
0.035717
0.034931
0.034047
0.034919
0.034513
0.032753
0.032848
0.038378
0.032440
0.031687
0.026926
0.026553
0.027394
0.022027
0.023088
0.023104
0.028675
0.023908
0.025713
0.028243
0.026677
0.026216
0.025409
0.024150
0.023941
0.022935
0.024534
0.024930
0.026067
0.024807
0.024821
0.029773
0.028671
0.026596
0.026095
0.026103
0.026060
0.025933
0.031375
0.027858
0.026682
0.028734
0.030436
0.030355
0.025362
0.025832
0.024753
0.023460
0.025007
0.026179
0.024942
0.026536
0.025988
0.024205
0.025565
0.025363
0.025276
0.024591
0.024569
0.024437
0.022824
0.025405
0.023469
0.024407
0.024424
0.024597
0.024357
0.024586
0.024746
0.025957
0.027144
0.025832
0.025340
0.026905
0.025761
0.026974
0.028033
0.028214
0.028039
0.027074
0.029062
0.026774
0.027488
0.027544
0.026854
0.026942
0.029700
0.027986
0.026434
0.026426
0.028836
0.028887
0.027408
0.027105
0.028129
0.028624
0.028427
0.030529
0.026757
0.027939
0.026374
0.027055
0.026446
0.025440
0.028904
0.028701
0.031065
0.029221
0.029356
0.029370
0.028706
0.028601
0.028215
0.030010
0.030024
0.032543
0.029872
0.028642
0.028627
0.028276
0.030387
0.029762
0.029075
0.029153
0.032789
0.029529
0.031542
0.030381
0.033833
0.032214
0.033325
0.033116
0.031114
0.032645
0.034145
0.033694
0.033136
0.032468
0.030201
0.030536
0.030866
0.032429
0.034402
0.034416
0.034448
0.033957
0.034666
0.034532
0.034801
0.035142
0.039514
0.034830
0.037191
0.037100
0.036952
0.038452
0.039747
0.034232
0.033264
0.034596
0.038113
0.037803
0.038618
0.037591
0.041234
0.041297
0.041730
0.043734
0.043109
0.041182
0.040691
0.042737
0.043704
0.046915
0.044658
0.044370
0.044848
0.043754
0.041799
0.038862
0.039211
0.036451
0.034924
0.037213
0.033914
0.032454
0.032252
0.029196
0.029379
0.030055
0.033562
0.032673
0.029806
0.029684
0.029686
0.028326
0.029156
0.027739
0.030328
0.024380
0.024351
0.029115
0.026792
0.026909
0.025003
0.025980
0.026805
0.025614
0.026354
0.023396
0.024503
0.025380
0.025195
0.025404
0.024169
0.022509
0.022113
0.024194
0.021712
0.021454
0.022001
0.021647
0.021708
0.020993
0.021996
0.020995
0.020954
0.020615
0.020368
0.021429
0.021988
0.019584
0.019507
0.020329
0.020242
0.020739
0.021151
0.021379
0.023005
0.021952
0.021692
0.020878
0.022796
0.024588
0.022412
0.022310
0.022932
0.024120
0.024843
0.022865
0.023754
0.024813
0.024388
0.023675
0.023390
0.024046
0.023766
0.025751
0.026533
0.025005
0.025597
0.027002
0.026751
0.027045
0.027899
0.027732
0.028039
0.029600
0.027995
0.028906
0.027419
0.028134
0.030263
0.029598
0.029972
0.033381
0.029887
0.030306
0.027447
0.027257
0.027240
0.027470
0.026763
0.026201
0.027724
0.026783
0.025997
0.022389
0.020639
0.019475
0.017395
0.017418
0.018462
0.015272
0.015900
0.015780
0.018165
0.017925
0.017252
0.017406
0.016631
0.016822
0.016284
0.015028
0.015954
0.015697
0.015819
0.015576
0.015741
0.015166
0.016241
0.016314
0.014169
0.014715
0.016857
0.016092
0.015614
0.015618
0.015756
0.014691
0.015406
0.014204
0.014654
0.014279
0.014845
0.014882
0.013297
0.013088
0.014240
0.013666
0.012916
0.012937
0.012609
0.012474
0.011724
0.011618
0.011938
0.011751
0.012968
0.012564
0.012189
0.012546
0.012155
0.012750
0.011771
0.012455
0.012914
0.011314
0.012767
0.012089
0.016151
0.015642
0.015394
0.016964
0.015256
0.013436
0.013273
0.010738
0.010751
0.011530
0.012115
0.012204
0.011941
0.011785
0.012163
0.011970
0.011823
0.012575
0.013400
0.012106
0.011788
0.011726
0.012336
0.012136
0.011998
0.011053
0.012269
0.012171
0.014596
0.014987
0.016875
0.016597
0.017075
0.018394
0.025967
0.025331
0.030778
0.033255
0.030721
0.029484
0.029622
0.029361
0.027239
0.026324
0.030313
0.029055
0.026999
0.028928
0.032314
0.026189
0.026646
0.026282
0.023697
0.025498
0.025283
0.021533
0.023220
0.022975
0.020340
0.019896
0.018619
0.018171
0.020109
0.021519
0.022183
0.021776
0.022714
0.024376
0.025627
0.027067
0.025757
0.024445
0.025100
0.025253
0.023427
0.025065
0.024365
0.026756
0.027879
0.027492
0.024550
0.022481
0.021132
0.021618
0.026632
0.027660
0.027299
0.029226
0.029418
0.034390
0.031624
0.032060
0.036378
0.035997
0.034216
0.033490
0.035955
0.035720
0.038042
0.036375
0.036874
0.037267
0.035623
0.036817
0.034401
0.034305
0.035164
0.034072
0.036160
0.033791
0.036652
0.034650
0.036237
0.037049
0.039185
0.035505
0.034185
0.035715
0.033407
0.038270
0.038482
0.035198
0.035535
0.035054
0.036077
0.034175
0.033119
0.032047
0.032160
0.032450
0.033193
0.033073
0.034471
0.034092
0.034176
0.033230
0.033097
0.033730
0.032941
0.032435
0.034168
0.033698
0.033681
0.030709
0.030382
0.030374
0.031296
0.032751
0.030856
0.030564
0.032282
0.032538
0.032496
0.034214
0.030644
0.031543
0.030454
0.030930
0.031661
0.033845
0.033117
0.032608
0.032586
0.031854
0.032506
0.031775
0.033679
0.032418
