0.035923
0.032781
0.036142
0.037848
0.036580
0.033770
0.033638
0.033559
0.034416
0.033149
0.033341
0.030056
0.026719
0.029824
0.027866
0.028986
0.027484
0.028095
0.025878
0.026291
0.025526
0.024733
0.024716
0.026093
0.024272
0.022634
0.023646
0.024711
0.024594
0.023625
0.021922
0.018325
0.018290
0.020834
0.022443
0.019852
0.025821
0.025577
0.025724
0.027758
0.027928
0.025844
0.026467
0.026151
0.023629
0.025993
0.025592
0.028588
0.030136
0.033668
0.036042
0.039059
0.038712
0.038015
0.036928
0.037734
0.035149
0.031684
0.031637
0.031998
0.031143
0.031033
0.032574
0.030264
0.030781
0.030263
0.031825
0.028428
0.031236
0.032379
0.031999
0.031004
0.029129
0.028773
0.030840
0.028499
0.028924
0.030114
0.030419
0.029817
0.027159
0.027160
0.030493
0.028975
0.027364
0.026319
0.025724
0.026714
0.025306
0.025923
0.025708
0.026997
0.029479
0.030793
0.030921
0.028432
0.028221
0.030948
0.031849
0.032706
0.031881
0.029866
0.032768
0.031557
0.032900
0.032815
0.035416
0.034672
0.036402
0.038145
0.040953
0.039287
0.036010
0.035130
0.032261
0.030664
0.028997
0.027768
0.027589
0.027676
0.027801
0.027443
0.027657
0.027070
0.027576
0.026381
0.023093
0.023061
0.024275
0.021881
0.021560
0.021414
0.021586
0.020412
0.019736
0.020408
0.019805
0.021565
0.019193
0.019844
0.019516
0.018248
0.020132
0.020874
0.021120
0.020589
0.019766
0.020027
0.019863
0.019439
0.019728
0.019650
0.018432
0.019138
0.017784
0.017618
0.016779
0.018540
0.016242
0.016821
0.018627
0.018405
0.018721
0.018918
0.019082
0.020268
0.019236
0.017482
0.019388
0.017243
0.019686
0.018648
0.019484
0.018824
0.019853
0.019578
0.021493
0.023836
0.023783
0.021478
0.021895
0.022419
0.022297
0.021611
0.022899
0.022111
0.023711
0.023537
0.023372
0.022317
0.021376
0.024040
0.023982
0.023819
0.025174
0.024063
0.022755
0.023985
0.023970
0.026108
0.026244
0.027295
0.028320
0.027683
0.028248
0.029131
0.030216
0.028657
0.029188
0.029877
0.030009
0.029264
0.028775
0.029413
0.027219
0.026746
0.030530
0.027634
0.028146
0.028006
0.028482
0.031005
0.030367
0.029987
0.030794
0.029089
0.027983
0.028516
0.031663
0.029775
0.030449
0.028304
0.031430
0.033497
0.037469
0.033913
0.030461
0.033658
0.034193
0.036588
0.032517
0.035397
0.033180
0.032998
0.031241
0.031181
0.029366
0.027281
0.024980
0.025044
0.024679
0.022920
0.023097
0.023015
0.024036
0.025432
0.021895
0.021730
0.019512
0.017672
0.015323
0.018409
0.018283
0.018141
0.017579
0.016785
0.018302
0.017901
0.018742
0.023254
0.022995
0.024106
0.022653
0.022799
0.022981
0.022133
0.024306
0.019916
0.020083
0.019849
0.017625
0.017716
0.017880
0.017951
0.018538
0.018876
0.021577
0.023832
0.026037
0.026403
0.023382
0.020190
0.019359
0.020583
0.022358
0.020172
0.019649
0.020412
0.021039
0.022143
0.022078
0.021271
0.021273
0.021865
0.019846
0.018675
0.018974
0.019681
0.020145
0.018621
0.017911
0.018009
0.019108
0.018789
0.018318
0.017488
0.017904
0.019290
0.017982
0.016613
0.017110
0.018939
0.018396
0.020440
0.020284
0.020757
0.021846
0.019898
0.022620
0.022388
0.023693
0.020801
0.022145
0.022345
0.021124
0.022335
0.021280
0.021267
0.020793
0.023022
0.021445
0.019670
0.019106
0.019464
0.018854
0.020464
0.018413
0.020185
0.021534
0.021354
0.020570
0.021427
0.020185
0.022039
0.023763
0.023290
0.021799
0.022313
0.022109
0.022869
0.022706
0.021937
0.023035
0.023006
0.023715
0.025010
0.022558
0.023410
0.025253
0.022929
0.025667
0.023334
0.026556
0.026375
0.026374
0.026415
0.027030
0.025601
0.027944
0.028391
0.027707
0.027360
0.028806
0.028409
0.030253
0.031145
0.031265
0.029970
0.030564
0.031351
0.033386
0.031676
0.030007
0.027611
0.029838
0.030849
0.029014
0.029740
0.030288
0.028617
0.027123
0.029327
0.027898
0.029391
0.026385
0.027290
0.027759
0.031147
0.031060
0.029120
0.028913
0.032006
0.036087
0.032567
0.034963
0.034535
0.035300
0.038066
0.039021
0.037367
0.038346
0.038766
0.037564
0.037515
0.036373
0.037404
0.036596
0.031992
0.031991
0.030545
0.027312
0.025527
0.026120
0.024803
0.021733
0.019829
0.020165
0.021135
0.019871
0.019497
0.020989
0.020192
0.018739
0.020655
0.020672
0.021059
0.021308
0.019703
0.019787
0.021315
0.020668
0.020436
0.020674
0.019945
0.019552
0.018224
0.016979
0.017628
0.018152
0.017199
0.016376
0.016555
0.016744
0.015141
0.016545
0.016787
0.017700
0.016360
0.016404
0.016628
0.016195
0.016175
0.016164
0.016137
0.015650
0.015570
0.017147
0.017096
0.016736
0.016905
0.017178
0.019076
0.019697
0.018747
0.021647
0.022575
0.025514
0.024803
0.023899
0.023620
0.023554
0.023149
0.022203
0.021974
0.022891
0.023187
0.023356
0.022193
0.023771
0.022355
0.021956
0.022284
0.022047
0.021675
0.022531
0.022896
0.024097
0.024189
0.025993
0.025313
0.026894
0.026997
0.024483
0.025147
0.024873
0.023315
0.024729
0.023193
0.022116
0.021834
0.022112
0.023285
0.021756
0.021118
0.021469
0.021595
0.020140
0.019783
0.021031
0.020447
0.019319
0.017407
0.012803
0.013238
0.013195
0.012591
0.013452
0.013071
0.012645
0.012770
0.012850
0.012567
0.012564
0.011704
0.011294
0.011570
0.012592
0.012263
0.012250
0.012544
0.012998
0.013801
0.012434
0.013123
0.014087
0.012806
0.013675
0.013433
0.013448
0.012690
0.013152
0.013789
0.012944
0.013971
0.014307
0.012987
0.012660
0.013517
0.013287
0.013307
0.012710
0.012359
0.013307
0.012809
0.011960
0.011799
0.011635
0.011362
0.011615
0.011592
0.010722
0.010338
0.010804
0.009915
0.010158
0.010893
0.010836
0.011566
0.010695
0.011696
0.011684
0.011947
0.011289
0.011290
0.012142
0.012071
0.011631
0.011790
0.012418
0.012580
0.013262
0.012561
0.012595
0.012666
0.013000
0.013005
0.012247
0.012117
0.012008
0.011954
0.012226
0.012528
0.012706
0.012985
0.012722
0.013342
0.013299
0.012835
0.012184
0.013588
0.014017
0.013269
0.013576
0.012400
0.012430
0.011735
0.012599
0.017515
0.022180
0.021241
0.021665
0.023467
0.025074
0.025368
0.025594
0.028573
0.028119
0.026329
0.026951
0.029383
0.027122
0.027197
0.029263
0.029103
0.027969
0.021654
0.023376
0.022538
0.023549
0.023132
0.023421
0.021977
0.022494
0.021537
0.020893
0.022108
0.023411
0.024054
0.024972
0.025016
0.027406
0.027310
0.027789
0.028564
0.032057
0.030868
0.032163
0.033698
0.030251
0.028391
0.029087
0.028901
0.028487
0.026635
0.027415
0.028440
0.031471
0.032221
0.032530
0.033336
0.032856
0.030177
0.029929
0.031461
0.032334
0.031110
0.032925
0.031749
0.035783
0.036376
0.037129
0.034363
0.036304
0.035996
0.036241
0.039710
0.038310
0.039527
0.039764
0.038678
0.036904
0.036399
0.035564
0.036659
0.038096
0.038143
0.037792
0.037058
0.042170
0.040536
0.039897
0.040304
0.040837
0.040930
0.041128
0.039440
0.040589
0.039749
0.038384
0.038752
